% kfile, k, time [days] 
1 0 0.000000 
2 1 0.132275 
3 2 0.264550 
4 4 0.529101 
5 8 1.058201 
6 16 2.116402 
7 32 4.232804 
8 64 8.465608 
9 128 16.931217 
10 256 33.862434 
11 300 39.682540 
12 600 79.365079 
13 900 119.047619 
14 1200 158.730159 
15 1500 198.412698 
16 1800 238.095238 
17 2100 277.777778 
18 2400 317.460317 
19 2700 357.142857 
20 3000 396.825397 
21 3300 436.507937 
22 3600 476.190476 
23 3900 515.873016 
24 4200 555.555556 
25 4500 595.238095 
26 4800 634.920635 
27 5100 674.603175 
28 5400 714.285714 
29 5700 753.968254 
30 6000 793.650794 
31 6300 833.333333 
32 6600 873.015873 
33 6900 912.698413 
34 7200 952.380952 
35 7500 992.063492 
36 7800 1031.746032 
